0.000002
0.000002
0.000002
0.000003
0.000004
0.000004
0.000005
0.000005
0.000006
0.000007
0.000007
0.000009
0.000010
0.000011
0.000011
0.000013
0.000013
0.000015
0.000014
0.000017
0.000017
0.000018
0.000019
0.000021
0.000021
0.000026
0.000030
0.000038
0.000044
0.000046
0.000055
0.000057
0.000078
0.000072
0.000074
0.000085
0.000088
0.000099
0.000103
0.000111
0.000123
0.000145
0.000154
0.000162
0.000169
0.000198
0.000206
0.000223
0.000220
0.000261
0.000270
0.000264
0.000283
0.000314
0.000329
0.000373
0.000350
0.000373
0.000392
0.000422
0.000457
0.000465
0.000458
0.000462
0.000489
0.000521
0.000524
0.000551
0.000553
0.002512
0.000796
0.000609
0.000665
0.000641
0.000632
0.000652
0.000662
0.000726
0.000709
0.000728
0.000778
0.000907
0.000971
0.001041
0.001211
0.001327
0.001366
0.001483
0.001522
0.001797
0.001838
0.001942
0.001912
0.002336
0.002255
0.002175
0.002285
0.002391
0.002530
0.003427
0.003983
0.002971
0.003510
0.003541
0.003934
0.004035
0.004100
0.004545
0.004844
0.004880
0.005399
0.006126
0.006499
0.006862
0.007559
0.008621
0.009435
0.009522
0.010821
0.011135
0.012975
0.013910
0.014983
0.016230
0.016348
0.019798
0.022659
0.022621
0.021838
0.025755
0.025736
0.026519
0.029721
0.032231
0.030648
0.032089
0.037459
0.035862
0.036983
0.039424
